live;
event_inherited();

time_interval_idle = [15,13,11,9]
time_interval_rampage = 1

time = 0
bb = 0
r = 0

damages = [0.46875,0.528125,0.584375,0.5625,0.25]
type = 1