live;
event_inherited();

time_interval_idle = [78,78,78,78]
time_interval_rampage = 5

time = 0

mark = 0

number = [1,1,1,1]
rtime = 0

damages = [1.95/2,2.1125/2,2.367857/2,2.4375/2,1.42857/2]
type = 1