live;
event_inherited();

time_interval_idle = [90,80,70,60]
time_interval_rampage = 30

damages = [0.05625,0.065,0.074375,0.075,0.075]
type = 2