live;
event_inherited();

time_interval_idle = [80,70,60,60]
time_interval_rampage = 30

damages = [0.055556,0.063194,0.070833,0.041667,0.041667]
type = 2