live;
event_inherited();

time_interval_idle = [78,78,78,78]
time_interval_rampage = 5

time = 0

mark = 0

number = [1,1,1,1]
rtime = 0

damages = [1.625/2,1.810714/2,2.071875/2,2.166667/2,1.25/2]
type = 1