live;
event_inherited();

time_interval_idle = [70,60,60,60]
time_interval_rampage = 30

damages = [0.062546,0.034821,0.045536,0.053571,0.053571]
type = 2