live;
event_inherited();

time_interval_idle = [70,60,60,60]
time_interval_rampage = 30

damages = [0.054688,0.060938,0.039844,0.046875,0.046875]
type = 2