live;
event_inherited();

time_interval_idle = [62,62,62,52]
time_interval_rampage = 52

time = 0
bb = 0

damages = [3.875,2.51875,2.19583,2.16667,2.16667*2]
type = 2