live;
event_inherited();

time_interval_idle = [90,81,72,63]
time_interval_rampage = 31

damages = [0.26786,0.31339,0.36429,0.375,0.4305]
type = 2