live;
event_inherited();

time_interval_idle = [22,20,18,16]
time_interval_rampage = 1

time = 0
bb = 0
r = 0

damages = [0.34375,0.40625,0.478125,0.5,0.25]
type = 1