live;
event_inherited();

time_interval_idle = [54,54,51,48]
time_interval_rampage = 31

time = 0
rtime = 0

damages = [1.6875,2.19375,2.709375,3,2.583]
type = 2